
ret 1.0079591652260562
cameraMatrix [[2.17404891e+03 0.00000000e+00 3.17695080e+02]
              [0.00000000e+00 2.20471536e+03 2.37041115e+02]
              [0.00000000e+00 0.00000000e+00 1.00000000e+00]]
dist [[-0.80269982 -1.57829447  0.01510775  0.0703699   5.28410346]]
total error: 0.129494778156095


ret 0.9937681271268825
cameraMatrix [[2.91010521e+03 0.00000000e+00 6.52220285e+02]
              [0.00000000e+00 2.73899617e+03 3.66729543e+02]
              [0.00000000e+00 0.00000000e+00 1.00000000e+00]]
dist [[-2.24925800e+00  2.38035022e+01 -1.08116340e-01 -1.62522731e-02
  -1.70532592e+02]]